nEl
4
El   Pe  Ma   Qua    N    n1    n2     ...
0    3    0    0    10     0      1      4      2      5      8      3      6      9     12
1    3    0    0    10     3     10      6     17     13      9     24     20     16     12
2    3    0    0    10    24     23     20     22     19     16     21     18     15     12
3    3    0    0    10    21     14     18      7     11     15      0      4      8     12








0    3    0    0    10     0      1      4      2      5      8      3      6      9     12
1    3    0    0    10     3     10      6     17     13      9     24     20     16     12
2    3    0    0    10    24     23     20     22     19     16     21     18     15     12
3    3    0    0    10    21     14     18      7     11     15      0      4      8     12







0    3    0    0    10     0      3     12      6      9      8      4      1      2      5
1    3    0    0    10     3     24     12     20     16      9      6     10     17     13
2    3    0    0    10    24     21     12     18     15     16     20     23     22     19
3    3    0    0    10    21      0     12      4      8     15     18     14      7     11